-0.019496330512194387
0.4804945723245838
0.06450230458395426
0.12352687073122401
0.11513619627811865
0.5098622377328812
-0.38567904543741466
0.0665490821478227
0.13343164840753108
-0.017192074720537024
0.03936189648799224
0.0011971561720616143
-0.08512276537474314
-0.24107647990741315
-0.014437592700080777
-0.21418943648303
0.26398061445959725
-0.2541259160718852
0.057588041820307856
0.04413834549233857
0.1795628055824459
0.10263579863416956
-1.0232668364673552e-27
0.09759899848646726
0.2250468251790464
-0.04612858910858568
0.08781702568912007
-0.25545729246296744
-0.01955766975361209
0.3463017105035863
0.33327239563010747
0.030619520535434763
-0.014396784399442553
0.2890434862741809
-0.269495435954882
-0.03900632644682848
-0.031087776428645738
-0.20737700238277834
0.00843335556039382
-0.08240203125010899
-0.029994687025291032
0.17348889992125335
0.29205751401156926
-0.5314554088663391
-0.014515760413805992
-0.02275287716269892
-0.0906507253191192
0.15974463079203924
-0.14031294932615151
0.005631442782105421
-0.45572622568884313
-0.16381601869402307
-0.04364969387209814
-0.007612378384411981
0.16896012810669025
0.05429870210625121
0.2943942349904523
0.018309931531759076
-0.13573864733225416
-0.4602605095727728
-0.10600248814413966
-0.3701709753351774
-0.2430800179057264
0.05998314472327341
0.12293978116986515
0.14605238764994136
-0.31224101343052496
0.15341802740943733
0.008783206119179154
0.00741318246823268
0.149862960671774
0.06335959716404142
0.3765739550551605
0.015139607083702385
-0.1540820926368391
-0.34988491156370816
-0.1669878462435173
0.04797050958012913
0.004736867336088708
-0.0930126176891846
-0.28691255723330955
-0.3945945645585633
0.3867715166172923
-0.16223079154235398
0.17388920057041682
-0.10450539724859094
0.06824324221387995
-0.07498677449003661
0.13877924679520337
-0.174194889414071
0.036077007307842704
-0.15125842907512171
-0.12652708519670114
0.07256739280198672
0.3031085784091999
-0.14364664461553586
0.25885756352208317
0.0144700103436693
-0.3676028267429756
0.3867884456351948
-0.0620868739649785
-0.24095591953492726
0.06578217389962501
0.05405091642169539
0.1486834850511139
0.1402239531779225
0.17553031665376126
0.005915599417270378
0.14582447895046963
0.0413071906928589
0.16449635381166525
-0.1790697277770277
0.5001111984055556
0.16080450301864402
0.2064547333206978
-0.07900792273279551
0.06374069518222295
-0.22312971631047143
-0.21326015801682524
-0.0025802649937602504
-0.009727673073779837
0.37593867175092976
-0.03001930455068135
-0.3079158771909708
-0.08957049073542908
0.033821725760778416
0.3220372116655957
-0.05652803783246538
0.3157988777134316
0.032583516764383896
-0.15832007095722855
0.3048605495518557
0.02822942772478316
0.4441893286156853
-0.1202822954601054
0.01151217627223737
0.21818036972960986
-0.0220409977520215
0.1382604572506996
0.17562939147257403
-0.02402292604363776
-0.031327854226694485
0.2939690751726776
-0.1710797132173345
-0.15504626940875116
-0.18913335838372877
0.2991838410233051
-0.3335572323421587
0.13967921412053483
0.0615005907542811
-0.17531667816455027
0.07270751340119629
0.08337531670270923
-0.21009654408237927
0.13349213861277523
0.13456149586408586
0.1668178547232641
-0.22357670427417342
-0.036680146521944484
-0.08287741246653686
0.2015882682243964
0.5326963845033703
0.12579469687287112
0.20826236918087404
0.10477544703814856
-0.3230351809140026
-0.03251231266841966
-0.08406935188110322
-0.021985063827836732
-0.18105499149156326
-0.03711058792949176
0.1594780726021505
0.07111991356767568
0.3558105638644399
-0.00009764030621945357
-0.054744918917848474
0.2565574925062575
-0.2572315193917284
0.202844527015598
0.19901110446623935
-0.12169573921506241
0.19017677897011992
-0.19640188274561649
0.19853578852622444
0.1801202660102578
0.1327250782004697
-0.29949608240587816
-0.3034355339046583
-0.4479738070859134
0.06524931692989895
-0.162227332162975
0.021788582761081005
0.1582489401704117
0.15320130956443154
-0.09785007234656806
0.28200867104007915
-0.09894951683868461
-0.14371705886637914
-0.05348558381226953
-0.11657866866907696
0.11208492893518317
-0.4186863074634411
-0.33071939420865054
0.29774671882843207
0.07275253198484524
-0.37752028200212445
-0.004115426793411937
0.2623369744213931
-0.16677257496589534
0.1643715897594442
0.2888555478722052
0.019796854130002747
-0.11809059106969566
0.10718616217577641
0.1759256434692558
0.1337899952701396
0.10938072006792683
0.2264562457164514
-0.1039516077513912
0.014314877540088115
0.18422931221762334
0.1940549771063554
-0.09472838349545698
-0.15491439641196816
0.16838660365370497
0.055657704937357534
0.059481520871721615
-0.19872230482708575
0.2568194987786906
0.22588774495816613
0.5417498231812288
0.044596914831310695
-0.30742536413599547
0.41356697862973135
-0.20020885740802752
-0.004539970652027083
0.03315357617752744
0.08091748412624432
0.13244607235259193
0.058208131330833114
0.01157850413086058
-0.02928611705310205
0.21682928991738531
-0.038102324843535575
0.3749047018816404
-0.2266262799511924
0.32346888698564996
0.1698846171595198
0.4631610359708641
-0.10151417734705673
0.20725113981652518
0.07544465463186335
0.28394757578572716
-0.2256443028518545
0.12465355727729928
-0.05358276304921278
-0.10349991823461084
-0.3832953318552039
-0.10117795020794662
-0.11977469662776777
0.03800578963055028
0.0023825836892285646
0.0013238009917130365
0.13436461811945055
-0.10167164984503342
0.03898149669636814
-0.1685701181426378
-0.10416753980342489
0.004961513686965602
-0.053556803074945966
-0.23531834933493706
-0.22321007807041887
-0.11419834638611649
0.4300734044387069
0.09164975609003098
0.38897039983973475
0.22059918604046008
-0.21085039633174107
-0.03917913351906988
0.3304083293986055
0.07307667231354749
-0.1023164659727364
-0.259466486723122
-0.23684239642677718
0.0765722395533531
-0.2720349693069251
0.2402100739783526
0.04964162582303148
-0.47127630599989795
0.37673968966598176
-0.25667580891703484
-0.008533241544326959
0.05637915446184111
-0.0027430004542244243
0.13153408578913367
0.0738464852875051
-0.10930776011422036
-0.1544487518429092
0.14762878901606283
-0.022644212801471997
0.05429920297466025
-0.08943664991339316
-0.005657035663015712
0.054380046552832725
-0.24121238369155482
0.025477685989081428
0.17832697628702632
-0.2774484833600749
-0.011100352373348166
-0.12901299102972966
-0.2945773044867861
-0.448184919431995
-0.07240225504637714
0.1342296745001044
-0.0025362399846559328
-0.15339278044550306
0.09493046753049651
-0.010788115571094053
0.3008101988112949
-0.2545742062879107
-0.16450055588763937
-0.04348119810221818
0.30436840254751013
0.05201259306718933
-0.35817609385062954
-0.0713204721260452
0.23879724703878988
0.4018703792351447
0.18373758963958242
0.0275340963824707
0.10645454113818283
0.20454477275621222
0.1576071553289351
0.1128982375882744
-0.23954585507211965
0.36045445280231964
0.017516986535781962
-0.08856761539166043
0.029143232481786713
-0.08700202442173251
-0.3299688191760022
-0.038597180366943706
-0.1547641563457007
0.3196065302970052
0.20398487534060167
-0.2748900559788878
-0.10231183774691739
-0.024268734821210152
-0.20492074912905422
0.16735712204293554
0.20417088065260727
0.28300622897776434
0.0432495933068398
-0.05324041458152013
-0.11618298917366514
-0.32705356167008465
0.5372803360842269
-0.11184332238827299
0.016686845775559796
-0.01803976334238315
0.3023452847405889
0.2815406159029865
-0.14592783707291362
-0.3678990835905447
0.17811445332066175
-0.2865936396654809
-0.29195736804614447
0.20502729304593853
-0.04570273228906195
-0.02730446232255054
-0.06924644355562329
0.05781689809710833
0.113117518638795
0.15184393144113206
-0.31327063536160255
0.03426164522108105
-0.08109651192637443
0.08826016340921605
-0.09705855365444677
-0.046624341387119565
-0.02614241264758678
0.14078157274448896
-0.423002897452599
0.24496920370649208
0.10385255206582011
0.1065540872121307
0.21494797126690757
-0.07278229128347752
-0.3022125608558085
-0.14740853535962348
0.04534851067040986
0.022077382880955187
0.06934411680265959
0.18563328833143117
-0.006274980568729959
0.2129932246452943
-0.06415163163702771
-0.30806580848167625
0.22349016887774728
-0.06898593125411227
0.12732245191146263
0.14480015603288243
-0.32340593668548473
0.030379533841034406
-0.0647995879489397
0.4589169513954868
-0.2082740704791033
-0.41410194644758247
0.09300873670708432
0.10775072628401727
-0.023942449084315368
-0.11041405838507518
-0.062481615477257
0.026543886174274226
-0.08305254842830993
0.4852975159961841
-0.013736760490160347
0.10893179557701373
-0.024639955596785446
0.023858236170208637
-0.24715728768473214
-0.08935715558704477
0.3601875546140697
0.13349602120243317
-0.06059255313904059
-0.11621076410752657
0.01468859491199191
0.18975659307473575
-0.5350750446281843
-0.38546293818458616
0.02581648263023655
0.033803260480372625
0.0969116892619819
-0.06456237441649258
-0.17219718077013263
-0.10670549672745079
-0.08489357664744172
0.166306667736956
0.1232598676613934
-0.3404012857904185
-0.04794148430954347
-0.25782766264105245
-0.3246048061411531
0.196274128233884
0.04211293556684818
-0.04272901841386378
0.177275041663566
-0.29534245069701925
-0.07864714014962389
-0.21029018864402946
-0.3188096773745
0.15491505992239238
0.07456459344365407
-0.3614425319739829
-0.3631541425641802
0.020633071826543975
0.013805199415916573
0.15836523759707855
0.3903181647221381
-0.0014102923306152358
-0.0334881834125726
-0.13046389114587545
-0.11810083201856318
-0.3349249604381693
0.08835410795572654
-0.016159936692178835
-0.24755184327828425
-0.4780351412988219
0.19936882197863334
0.026867312325395538
0.016289766960108334
0.33823360178967754
0.27236191218696515
-0.14548614168578958
0.03768554992751316
-0.08025480943866713
-0.20087402006246563
-0.1805835280170739
-0.182329687497611
-0.1252893381751614
0.12891117410102926
-0.22714606552561586
-0.13650894410935352
-0.09830389127632447
-0.33707748918362407
0.26285458473173506
-0.12164204730065692
-0.07075312837483501
0.3558328428104363
0.18948948811089802
0.24415702153307833
-0.01775270535082677
0.21229166830476523
-0.0302603361703047
-0.10172405438103542
0.23256082830431166
-0.28782949850006084
-0.16690879001973338
0.30609380022345345
0.2793145274412374
0.04227646228046229
0.054542609757845306
-0.268824944766814
-0.09306657303294828
0.044367268343505364
-0.08521309734006982
-0.05912937359957263
0.12777133268879667
0.1516426144149286
0.30162205724038227
0.23675526341544595
0.39213499193059775
-0.3385442181404865
-0.039662577325684956
-0.2181234078584607
0.028693621812362482
0.45705802236224874
0.021173281370787486
0.01060415498230474
0.3470815328550755
0.21127766259211797
-0.04350978759706457
-0.10791098723188536
0.20974214365590832
0.11828334611281965
0.14238844932435055
-0.07012180607977501
-0.10624970281972042
0.24558832913103507
0.34334179668226666
0.3058769767996932
0.26868939759510435
-0.3027249805225518
0.06305407288685141
0.27378118720602984
0.0772025203349306
-0.09357934938170714
0.009311579952546991
0.27231957417747393
-0.056851116476575585
0.03533033551240652
-0.04429441290305909
-0.33539177814280685
0.023240062694148023
-0.22039003360752887
0.16967580562644446
-0.25482719513004753
0.07016794611872279
0.11648283040609156
-0.3252793388926027
0.015524088762665379
0.10101343438592932
0.47052521077670995
-0.059182016636867715
-0.038294929093720974
0.05915162333393593
0.5011954371730887
0.026893590115342324
-0.010906766372972797
-0.09555252675337045
0.04605363327447581
0.05232160452022076
-0.018844257998588555
-0.0009924442629108679
-0.37027872455537436
-0.06270042724816419
-0.112885313908119
0.17819887373959226
-0.09578625886664062
-0.006940970148778653
0.007305136557035921
0.05956226307734445
0.180919006603387
-0.13781211525877687
0.04493755824947887
-0.5016483559243575