0.013039791798181205
-0.12289098708559222
0.19553477584782056
-0.199362740460224
0.25950096969680797
-0.050109295544642656
-0.12927878158301778
0.027633983460756146
-0.09418741349903688
-0.005590911942453823
-0.3627528507951985
0.33791094674907296
0.0625663875153596
-0.023274407511613797
0.6187824028117651
0.1692053924303082
-0.13102534051011408
0.3627645236718263
0.
0.
0.
0.
0.
0.
-0.01966194286332802
-0.04530827197500368
-0.2588335488284753
-0.09242746456641295
0.0061526706153483025
0.26101952458341005
0.1987534511616688
0.07077284321654262
-0.214156032826231
0.20761263162862148
0.09146550010824066
0.06860533077720819
0.15721693359612224
0.01025178375842362
0.08628726130428453
0.21022525220293467
-0.36769823871020935
-0.25818020232356753
0.15701725697009217
0.3920158921595044
-0.07216564295979332
0.08505482281974781
-0.001492894603566145
-0.4880645196489125
-0.028732606635725088
-0.09950552296539691
-0.18276207320816196
-0.08674456675831003
-0.0039477617003130586
0.07279034101469052
-0.16821112234224195
-0.2303923918887412
-0.4851360391459618
0.1707402639825542
0.41446450181197236
0.010694274515776184
-0.10599040993805073
0.17770109536501597
-0.025879734594912288
-0.1103095519125341
0.07345479869494001
0.42161649069087775
-0.007832926979224442
-0.2071132971182702
-0.13466017271169106
-0.07981641844780452
0.33032281890376036
-0.0993594311176674
-0.01784962969285875
-0.08080740801166938
0.11504190807070261
0.11667892730538929
0.028955235068076197
-0.19730531731013387
-0.11761318474194565
-0.27158270555986463
-0.07826635713816346
-0.34602101910254024
0.2554621558802251
-0.16131204711127847
0.3044595530996204
-0.1343051999383549
0.08756999754091109
0.1154616365249041
-0.4163843191125693
-0.12849791907276784
-0.12951089864162083
0.14931927450617438
0.2936717959221331
-0.2447723802284949
0.2882785740328442
0.178479546565723
0.017336812780666115
0.10538474969802832
-0.25535565682006045
-0.10279856271431938
0.020110376004505087
-0.060222494267169954
-0.017708385362864176
-0.15914965651044463
0.1386048455852409
-0.1482053449288507
0.01582550606689892
0.15336748560503174
0.6208958217086105
0.016687896683367506
-0.10917295350047486
-0.24835170613311994
0.12737540608739725
0.24804933757268224
0.031386844161459454
0.08932688937913597
-0.17944862571805067
-0.3126346876315975
-0.3589744215455217
-0.11527445063615972
0.025657327725885394
-0.06192990440278795
0.3152535392423852
-0.18757354333393841
0.0062018206360795304
-0.022161470752260107
-0.14892378583527238
0.17981948087360533
0.050414015078493114
0.18141953288102503
-0.355283739619061
-0.16196268823256063
0.1611022890762012
0.1726630980769617
-0.3231452030770903
-0.2505711430676079
-0.037478615054316974
0.0801327074786284
0.25305134358139214
0.2778957811218721
-0.026153122786581634
-0.160795128991478
0.4654579304298276
-0.05224420573081557
-0.00945105140967679
-0.012785899165046266
0.20155280110851276
0.09981271404930214
-0.4690603664800636
0.019914310822546282
0.05060951620819549
0.23786797481818497
-0.17452517954007632
-0.08625815604303991
0.02975842907357654
-0.43991249475560285
0.19614577311088457
-0.18580183127801833
0.367600057569114
-0.04408238341657353
0.117627613379148
0.06358219614961562
0.30681770997990615
-0.2435257276074723
-0.02243941825167254
-0.07854517381791136
-0.08555749542776198
-0.20472901954012174
-0.04644844082839746
-0.15605149426959275
0.06670630675160702
0.20463488442497274
-0.17920792232002408
0.3375559447551884
0.06683886139134601
0.16652058988381374
-0.27883236799333344
0.00058570415963346
-0.04567927419703692
0.37006874060112127
0.42501530382839237
0.17602470020485925
-0.06579608350921431
0.014254273977948283
0.05108109070932086
-0.1894894553773443
0.018470910982414483
-0.14286778804599642
-0.06004975431319222
0.17184315889686883
0.08818584560672627
0.464530147864299
0.030029740177420456
0.2494845127432169
0.11453035251582534
-0.09442730188530415
0.18279425856430728
0.002282036490875118
-0.42237983678434793
0.09975478278750154
-0.3375114949053209
0.0854303513743771
0.1387645591592705
-0.16255106360819413
-0.018671092465764625
0.19342112951265897
-0.07055169302715401
0.038924935915608666
-0.03678062836912209
-0.010366325203123765
0.26733603859181326
0.19288583362821327
0.2728033256695751
0.0948708643743647
-0.4896141599922289
0.22051191502665918
0.024095475127853518
0.34578547849109154
-0.08621047028848709
-0.01240209549145113
0.2076947355064169
0.22935355627057002
-0.2650397670906354
0.2942879817738121
0.14033642151502804
0.18571001830979586
-0.024082980792725996
-0.05434478843570178
0.1834914493015913
0.021484449238402203
-0.05088669584075702
0.2748771808908978
-0.08029245125162414
-0.11267951885750954
-0.22312421069396499
-0.48440569179054305
0.11136591729703427
-0.30079922250277324
0.13176583175293258
-0.16080735971280927
0.013761895904729933
0.1346993632743397
0.1330960645807685
0.016856311197413102
0.2707116347060547
-0.22194072189824357
0.31823494068445085
0.020980239134928056
-0.37376817267349616
0.20107571795576856
0.011031528494933338
0.11772768592216883
-0.04965377045213796
-0.36503580383942136
-0.03715049822549451
0.11291247425839257
0.3090085996011882
-0.21495759517579385
0.1085394728260799
0.07173351537849815
-0.12953283090801473
-0.4496950907573483
0.02459033788984739
0.1312308932530142
-0.054386500270510583
-0.4579591363154733
0.05974340827936764
0.007195692060445773
-0.09910310385596803
0.052936183495052455
0.06979402755105675
-0.04728767175531086
0.14616112900855552
0.32885432193537645
0.019054646716461583
-0.08407346979985489
-0.16891455328344335
0.21616931235222023
0.010165824699183817
-0.007034917746804663
-0.3582536047350831
-0.03482103777519756
0.02769082028800729
-0.1375799397129831
-0.12410575141222582
-0.48442998628942646
-0.33605237049943426
0.19837004210507542
0.01432987056408141
0.08355206412117643
0.34543361298869363
0.16482675895898855
0.24624055721255955
-0.055330917110702246
-0.1426840876556682
-0.14254674262041472
0.0991839117771463
-0.040302862083200525
0.15191525705062806
-0.15840334563955805
0.11088616806470737
0.045958001672208544
-0.03340712113727959
0.19741054286480192
-0.11860641315335683
-0.061118031477858034
0.061589977039886334
-0.056616170292962426
-0.7421726768441218
0.22609110172667468
-0.024963333276976106
-0.02141262764508489
-0.02227760131422141
-0.010904628163649108
-0.341830036039465
0.16772930749059164
0.15202125503119174
-0.15666080339807534
0.014448062786112421
-0.2657266562741292
0.010880123558994474
0.16619674503861293
-0.28370646871928273
-0.0526307551054413
0.08052830660645237
-0.2599420318015513
-0.13749059216883103
0.002473751072656262
-0.24590979900268256
0.053237529014383125
0.5273559954445695
-0.35080510767132916
0.09936428765865857
0.20859395253863242
0.0536112700487736
0.10599334496408287
-0.031110472808754504
-0.3998442191768387
0.040779595257472344
-0.024963101828287957
0.24854047837782547
0.09372089862677375
0.11749389470932695
0.2197904524837054
0.24330182720958562
-0.21636544121422166
0.29692278095563823
0.01694509529315224
0.04936760099877989
0.017160522983253015
-0.19515691880213323
0.442622160225512
0.25429974420586576
0.24208367341639297
0.3388699059644717
0.0066075550080107424
0.17811034785825483
-0.014315147175382969
0.024804847750597086
-0.04813350341046088
0.018567022892998712
0.18327853050837897
-0.37613065400901036
-0.1329395693864689
-0.2321634441740305
0.07723037913336707
0.027470903828645102
0.163206575045068
-0.10152018768756531
-0.24284088128598288
-0.23234206444223068
-0.22360968346176793
-0.14190294070131043
-0.03728361878874269
-0.09052212157879584
0.39117892164713514
-0.11132465497730941
0.2648784416627599
-0.034479962359753286
0.19792395826121012
-0.2940165041583796
-0.13403285610595803
0.062266093286831206
0.36394178792994963
-0.03121641985230081
-0.3960169125746986
0.02775997679419031
0.14379805969388934
0.03373558992328114
0.007666044808061452
-0.21884351558881449
-0.14656160762430206
-0.3683187611585546
-0.17335068822956393
-0.42293740928979656
-0.13396912636335265
0.015324100805026029
-0.07065963584887933
-0.3101727640657716
0.17931921969523804
0.1412514392651046
-0.06602735923652804
-0.297331908095606
-0.059957695939845124
0.02012093253296514
-0.002189966136145959
-0.199670196928202
-0.3121927298673566
-0.016458583284025868
-0.06928839474421376
-0.09511447143899214
-0.162472145298132
-0.14268378445263652
0.172700136004549
-0.4897542309457534
-0.0927569811786775
0.08104974850770917
-0.3165417865031711
0.01768849220878144
0.30972785665665215
-0.2553564626833402
-0.14601690409288243
0.07133538371732752
-0.06863882883307418
0.09015122741998184
-0.3795314746167712
0.35290488393047
-0.02961940697525607
-0.16028951415941536
-0.22237122251573993
0.07761214131938478
-0.05235883766980798
-0.005861311598786229
-0.3307680325722255
-0.20758416708279
-0.25337996661531736
0.321229455362365
0.13552689190376357
-0.12160366870736665
0.3169093127648667
-0.0045659469198610515
0.03739407808579462
0.11867286477686827
-0.2704367692321792
0.08765345015667635
-0.4363570907195101
0.08364056780702585
-0.35266879954757707
-0.01770859702058974
-0.07545880904008716
-0.19595216076326127
0.02227982379150592
-0.12845072676792962
0.16235656467981524
-0.005940576237125746
0.20148143600904775
0.011700050523135275
0.12734327648198793
0.24782603199823008
-0.049108075735438586
0.03913982464856342
0.056250515623962556
0.20399151056927242
0.27561468448015053
-0.18421125499602936
-0.35573185316197714
0.060572867061553036
0.25748732421286175
-0.17915452231368806
-0.18108157559935603
-0.32858328377643364
-0.23505672620585008
-0.46569226584379475
0.20223174970574517
0.025102154820772687
-0.20789858840769568
-0.02137988510864297
-0.02476523669000935
-0.12879295608867458
-0.14041087993727855
0.07274247825785816
-0.08192547120610404
-0.08461101031260577
-0.5880316387007596
-0.006276986194793808
-0.4479330698811168
0.17768481390457777
0.059186130269618456
-0.12049034083903316
-0.17266138603760828
-0.005814427563236062
-0.0540026299162985
0.09795125559389162
0.3543806037605969
-0.008213151836935951
0.07464781754203255
-0.006229905990387821
-0.313166159973461
0.01603772124030961
-0.3112156912761637
-0.04418070700995598
0.11765205879591346
0.012532723803990583
-0.004809182902086533
0.0376054778381941
-0.04683648518263965
0.17548032229228955
-0.30239696469567595
-0.43793838132810736
-0.20246888250133455
-0.21438084054554113
-0.031134633454040456
0.09120066969333128
0.36104295000778897
0.15555129580764884
0.2279704256799292
0.12171883435634591
-0.4225115393123608
-0.2293268071635851
0.2714383714582197
-0.04921078784177831
0.10441751498527968
-0.12105146592110808
0.013322558679077261
0.016950174013389684
0.16403434276489876
-0.06432149498158556
0.022756971488630987
0.04680442061246738
-0.12192594747680453
-0.25494621322717037
0.4422815675685246
-0.04526122390931028
-0.5640686738031016
-0.24527845832048528
0.4968742062797591
-0.023879610314469092
0.0437310465576729
0.07899271250059267
0.19514660459609712
-0.028174779917338452
0.10587204355735681
0.034943535827186616
-0.03908519687231367
-0.06151115966671536
0.006445197364594381
-0.012397594811592576
0.09746021756618388
-0.10036378142725427
-0.023468536157557174
0.04177439732108434
-0.0875390809740693
0.989007975416753
-0.07539650513769619
-0.007157675173529386
0.058772119445980306
-0.004710793748752579
0.09178350426271983
0.01920657772273808
-0.04973080231226724
-0.010188211576843608
0.0008517335554808495
0.01041582405337227
-0.002818230305383831
-0.008215361097724224
-0.009856211922373207
0.005960789691528479
-0.002885636545373646
-0.00675658439144873
0.0016772883560980736
0.01590531371191531
-0.008571512057412
0.013652076541358433
-0.016813574731346672
0.0023507041187532498
0.010284985445193559