0.3390213724395698
-0.29279500045836854
-0.1512812450682504
-0.1692317956391744
-8.349401949703124e-15
3.399310169475846e-15
0.2801878145823722
-0.2999877966564612
0.17150972944034482
0.18114374824854274
0.2635181448735622
0.37686931417739883
-0.016650999167853873
0.38160633221869816
-0.08940038309083768
-0.16917992643783986
0.281560038075788
0.07357443865056319
-0.030477438872752075
0.12659034860873994
-0.07741275941524503
-0.12434005921304049
0.
0.
0.12239869930575671
0.01425020942539957
0.19712858088163487
0.23703459121036377
0.12580417718865552
0.16545208268430997
0.13421661591601067
-0.16407019471354875
-0.1158229495406792
0.4099522272987421
0.038909406029949765
0.07020071525889672
0.01724232637542918
-0.3209269021040227
-0.1914346900372162
0.11863899634921576
-0.02022703299610834
-0.09496561305593847
-0.4205983123934886
0.21966769596329877
-0.0770782291612017
0.43041161033808817
0.07375062572050012
0.1687771034709683
0.033295893337322045
-0.04450751166027106
-0.012843208456859267
-0.31922232581658294
-0.15259229297341348
-0.0400165071938436
0.01698414535289282
-0.045674810262358596
0.031114366479742615
0.13342457856329276
-0.05763301243973379
0.17610308579053555
0.13054942667239533
-0.3447267897925863
-0.12933492892530116
0.2460202391315637
-0.10541968873517574
0.025041606281966097
0.21600643170997397
0.15356615799676987
-0.1348424647225716
0.08930779513690557
-0.21581712883786155
-0.6683021968049665
-0.16900222903094786
0.20624029508181418
-0.0902963782687522
-0.3212228101704961
-0.06670277427521003
0.4334569481537487
-0.1012108264641277
0.04204299589905202
0.18283401049013806
-0.008524567056599708
0.34509530526143334
0.09684674205484867
-0.043451272391374376
0.13202253512170328
0.22465971995683442
0.20946361878913344
0.008113239997105403
0.03711523289708044
-0.16400167886431521
-0.3753693112589242
-0.17407836467239995
0.3070133676425806
0.20267817319325135
-0.051993260374210024
0.42170988366138173
0.23251798452512873
0.01556649727707582
0.11836180562207937
-0.07122308907442633
0.36459801536874936
0.30622301626268544
-0.2609006254173626
-0.01524281875070894
0.05555884104179805
-0.21246187195965172
-0.3568188005941347
0.18229476665347846
0.06593182280304279
0.14114639064130502
0.09218985552576474
-0.20239178026481192
0.2989495126468221
0.07384827791704884
-0.11032142779897468
0.01660324012092247
-0.2012576128614972
0.10558322043929079
-0.11105846434214477
-0.33084250232280227
-0.09266438660791028
-0.2804595418904646
0.19788853056103334
-0.18578614710434416
0.19991987672602643
-0.0017927458468009316
-0.30645300064508213
0.14635423374442608
0.04002111872433122
0.13370449804070678
-0.2502747403141757
-0.15275763294789288
0.10179330238087829
-0.33319982200314
-0.3107124738494885
-0.3322070282531931
-0.2708714825656512
-0.05784648836216127
0.025846410955991266
0.07475593656621447
-0.015063687360585628
0.0239115185429183
-0.23834229123392603
-0.22974038133269425
-0.0019713134982318314
0.3278551742261712
-0.03207064912031765
-0.25349084725460297
-0.27206775296472274
-0.011304529804534051
-0.023316266837295794
0.1919678848571676
0.12409460719404883
-0.05182804356067447
0.03962764951462548
-0.04551218174103603
-0.13198639559883113
-0.09107055162720207
-0.14065624415307243
-0.026433729627824448
0.38656891289983764
-0.3721946067034879
-0.11898028366279195
-0.23891275872182902
-0.34477071253634023
0.3307100997223819
-0.0868093762496654
-0.22372230899319487
0.048371675773147625
0.14047660388099775
0.038887987420623625
-0.04652472864960465
-0.0251905042099322
0.09064297148934941
-0.07128427975932815
0.5183928323560651
-0.07985998114645154
-0.23180573593749784
-0.0460274043367532
0.09311762194838936
0.24813369348254666
-0.34947554639353384
0.41044347377345247
0.10303091193375662
0.11792817791117663
0.2479299591235605
0.18277971000635218
0.09845849040176445
0.20540753196314387
0.09162466458363797
0.19693892413518274
-0.20751374997169023
0.1192096956841024
-0.20320248912281408
-0.2015320363806399
0.09780155219275535
0.4467134455876559
-0.16175114515853717
0.06853455588964263
-0.04423031638839985
-0.021274753300038713
-0.024679495406350394
0.03478734810578532
0.16523629336111864
-0.1857350755108883
-0.17810421992189363
-0.2158328228257408
0.06023479117149809
0.3203530185673419
0.04110809376601754
0.3742387826999633
-0.22946783161041412
-0.22437562149031282
-0.19763239514811728
0.29402597246860496
0.11105506857542656
-0.028659460162882826
0.2627604093327807
-0.3044716392241053
-0.5474969550247403
0.17320198060620928
0.002926953328980109
-0.016401072764577706
-0.06641923884020262
-0.06344145808694049
0.01083253915024113
-0.03475402980793561
-0.28504671511657315
-0.15133826109737225
0.14269896245136582
-0.17979874603097762
0.05921913703355817
-0.06536216153476852
0.14750487439132676
0.30623737113670657
0.358081249106424
0.10858879390820211
0.2081323768172226
0.14768907059090514
0.11211099120505003
0.32554403723985764
-0.040126342445436836
-0.3031917751886982
0.026109688373620134
0.011750092350122565
-0.23326947553758734
-0.17447705356850024
-0.2660814411729778
0.02460559129035825
-0.46553135671421203
0.19017990086000147
-0.11860001656121971
0.20047135097428617
-0.41332474020505133
-0.0541546774496395
0.09512775809768519
-0.09416757374572453
-0.1950811801986731
-0.24882158146572453
0.17627578074882141
0.0009407284501011453
0.004796081180449436
-0.03066020437005699
-0.13882209931940506
0.19975417313111224
0.3587830982260329
-0.10083649465279937
0.3644939294887881
-0.0032285514914908533
-0.07689149036515272
-0.16884038760996242
-0.0666461218465353
0.1370889513118639
0.37525751461756446
0.19903958156997925
-0.019149629970647623
0.09741947193920043
0.005102641044786563
0.1171277242632507
-0.3828982763304008
0.07157131706636807
0.10956315163195776
0.10589496017461299
0.4026909892054006
-0.26365713115037265
-0.026933011999566367
-0.004862087975505716
-0.03374307181614796
-0.22302741355635236
0.1820184099422314
0.06399926468498568
0.3435935686117967
0.333908354746477
0.0750326369287615
0.3150018450093526
0.033596682061511327
-0.023112980690272775
-0.0490298886243285
0.008570246730143559
0.1700919659060367
-0.09758749776217536
-0.1887994865079033
-0.24356562084165673
0.3041721431687419
-0.023570226697045536
0.10701801728069996
-0.11592928543328973
0.25696433144763003
-0.016096694997208377
0.38729051282976495
-0.32506827790996656
0.1555242026160905
-0.14866100848149386
0.1705142719027739
0.09097815292945213
-0.08886976647472393
0.19485681296788482
-0.0017091613391498428
0.4102225758993385
-0.28618276356854305
-0.08249594452177463
0.09724693971818013
-0.04079588804248225
-0.3612391408497197
0.32720983001475745
-0.3034170220271637
0.301427274193771
-0.16790863013634913
-0.012914992388096666
-0.01705912111786881
0.15364131610631135
-0.3115566048993267
-0.1558851698736872
0.03934629572171366
-0.08201935372221483
0.0824575064687182
0.08910341961821353
-0.12603499687200126
0.026983689284407655
-0.36388117719903096
0.02269653857863562
0.08946907192688164
0.48570705003686554
0.13668987012338663
0.37294419964239295
0.0361374331269054
0.17101310881258153
0.4048519200952563
0.04674241910789163
-0.11254674909160733
0.005589571563597081
-0.1924977535210359
-0.2034733358618361
-0.0705105367908104
-0.13827047283409263
0.22997852731637136
-0.17223243910816058
-0.10097817323822034
0.17146105506211717
-0.050194556471342744
-0.13406882895294495
0.0427937670404067
0.05950141439591177
-0.033353627419218296
0.1096765521724521
-0.011008365183901248
0.1407228290009693
0.10705167839849258
-0.17755199227778365
-0.0989470174533716
-0.026776675135901387
-0.012310696738904203
0.21026685053737537
0.16657302637390192
0.003590820856992267
0.031671598427051896
0.30289464485393214
-0.5371705066259679
0.17084053235606025
0.37159035555690895
0.12712915603345104
-0.43502650421309486
-0.2479459771535675
0.012302506902163907
0.12126065952369033
0.09751160526638367
0.23288960665658306
-0.2482459994498199
-0.12173333027327096
-0.14390534426828946
-0.06137327635580419
-0.34024218390745775
-0.23767699458285646
0.22238250200062823
0.15784261500950536
0.45204637482959964
0.227163331816364
-0.13898563520924873
-0.2198785206506172
-0.06809303669114873
0.2694380200309915
0.12934604517661352
0.04502529762365875
-0.058495971840514305
0.3618632914125331
0.11368250497208095
-0.08342753412864377
0.10305722539699912
0.34777830761430994
0.12437322597380501
-0.005897646784680369
0.026496763441897345
0.010003332636342198
0.011318468990172845
-0.03933724792989294
0.1754810152073906
-0.3842563657036633
0.02433431888207153
0.05341671648800185
0.258591507515391
0.044722243904372364
0.10051149524424875
0.008655270816912088
0.08235781873020075
-0.508704724070488
-0.27642440464032547
0.3645873557521202
-0.1666086857140232
-0.21837444757266392
0.1360020180669317
-0.14376729750907638
-0.1384152221636903
-0.35194666536119984
-0.39539812170644506
-0.08599415290059587
0.02147205674246232
-0.029100033450354883
-0.12105368832610255
-0.08273172766099503
-0.23799957707396494
0.010561859133836355
-0.20086300750331193
0.10503692100407304
0.19481292821011384
0.061582963163909495
0.1950038900626255
0.3195166942799125
-0.19021442578556194
0.03020415342650683
-0.15049402365559414
0.23430467758233134
0.14330996033859125
-0.08262140443316264
0.48761640831639036
0.02574732031587925
0.2717107267718411
0.24856658574116985
-0.26666421280189156
-0.13116067071306728
0.2544263614209079
-0.2336781836354095
0.05736853678999754
0.3118366545007686
0.2672431496557693
-0.009815487810809376
-0.044589470400897606
0.009144532524909876
-0.22144310322362482
0.005326420527097919
-0.029479319695693437
-0.2805017780482514
-0.3694467555203834
0.1866627513426424
-0.005399817628355147
0.21688497325823713
-0.006921682300404569
0.2721001166335523
0.2422586201745622
-0.05313144109660499
-0.06338118687445417
0.30983682163511067
-0.23372112574716086
-0.06832737872397007
-0.027592966410581152
-0.23025946414835036
-0.00028491743966131114
0.0826122830313443
-0.18010700644585712
0.27138012826187013
0.32606891881227806
-0.4662433309393449
-0.009801593489551499
0.06369922928086137
-0.10184168093406121
0.1565344040478139
0.45103155866121364
0.09310392423640879
-0.05921649688967677
0.18801687178471532
0.16098556763123364
-0.06102185823652644
0.09224419347110363
-0.14887058870770373
-0.1420462451606525
0.16729507751836345
0.08834644752500442
0.27912051782782954
-0.023196661176341723
0.10771970390933096
-0.28194611183458085
0.03342197100754494
0.04637458664490028
0.4855552378252843
-0.2797942886186138
0.15123609726564494
-0.11640776227282366
0.31110573774138356
0.38089961815190476
-0.14108566140956602
0.11300486125581957
-0.05147275260375955
0.1976403579186812
0.21019779908984015
-0.15131213089109927
0.025842274031178284
0.02220766880589736
-0.19039419460636303
-0.10940238546878249
-0.22210656281070024
0.29016337164713707
-0.4906315569428927
0.1383351880797543
-0.09345022541105563
0.09995930393288045
0.02916492731616192
-0.09635926759107771
0.18748776352067836
-0.1060279157274943
-0.4202961095768961
0.28704748293140736
0.3006115996253649
0.06048162504014916
-0.194720679186092
-0.1563956120026706
-0.15561951677065602
-0.043488254201855994
0.039857352634386056
-0.1944933867403982
0.1676640509066565
-0.07967894293002968
0.0629594170600702
0.4341460888436403
-0.22641852777821375
0.06457217465373749
0.01258885970467485
0.01175799605734809
0.012191366297867786
-0.7498691122240088
-0.07934351655832733
0.28681131741533045
0.0635901632595194
0.13321233991884912
-0.23089478774671413
0.11166504161974894
-0.05209516868378476
-0.09106061969122407
0.048010321782964036
-0.013363116129859983
0.007345376022243106
-0.027584704625149708
-0.02256720875695772
0.018950343746915756
-0.03499559234227671
0.008866452144417666
0.027023873182112034